By the Runge-Kutta method of the 2nd order
x[0]=1.00	y=4.000000	ERROR=0.0000000000
x[1]=1.10	y=4.097727	ERROR=-0.0000272173
x[2]=1.20	y=4.191092	ERROR=-0.0000501374
x[3]=1.30	y=4.280632	ERROR=-0.0000698297
x[4]=1.40	y=4.366782	ERROR=-0.0000870367
x[5]=1.50	y=4.449901	ERROR=-0.0001022892
x[6]=1.60	y=4.530289	ERROR=-0.0001159760
x[7]=1.70	y=4.608197	ERROR=-0.0001283883
x[8]=1.80	y=4.683844	ERROR=-0.0001397483
x[9]=1.90	y=4.757414	ERROR=-0.0001502285
By the Runge-Kutta method of the 4th order
x[0]=1.00	y=4.000000	ERROR=0.0000000000
x[1]=1.10	y=4.097618	ERROR=-0.0000000039
x[2]=1.20	y=4.190890	ERROR=-0.0000000067
x[3]=1.30	y=4.280351	ERROR=-0.0000000088
x[4]=1.40	y=4.366432	ERROR=-0.0000000104
x[5]=1.50	y=4.449490	ERROR=-0.0000000116
x[6]=1.60	y=4.529822	ERROR=-0.0000000127
x[7]=1.70	y=4.607681	ERROR=-0.0000000136
x[8]=1.80	y=4.683282	ERROR=-0.0000000144
x[9]=1.90	y=4.756810	ERROR=-0.0000000151
